4294967279,406
4294967278,390
4294967278,287
4294967278,389
4294967278,277
4294967278,36
4294967278,251
4294967278,26
4294967278,288
4294967278,15
4294967278,14
4294967278,338
4294967279,130
4294967279,391
4294967279,305
4294967279,414
4294967279,507
4294967279,419
4294967279,509
4294967278,12
4294967279,443
4294967279,441
4294967294,1365
2530,6
2530,5
2530,4
2530,3
2530,2
2530,1
4294967278,284
4294967294,1090
2527,6
2527,5
2527,4
2527,3
2527,2
2527,1
2524,5
2524,4
2524,3
2524,2
2524,1
4294967278,165
4294967278,164
4294967279,437
4294967279,434
2520,8
4294967278,249
2520,7
2520,6
2520,5
2520,4
2520,3
2520,2
2520,1
4294967279,433
2516,6
2516,5
2516,4
2516,3
2516,2
2516,1
2513,4
2513,3
2513,2
2513,1
2512,4
2512,3
2512,2
2512,1
2511,4
2511,3
2511,2
2511,1
4294967294,1184
4294967294,161
4294967294,182
4294967294,190
4294967294,1016
4294967294,395
4294967294,175
2510,6
2510,5
2510,4
2510,3
2510,2
2510,1
2509,5
2509,4
2509,3
2509,2
2509,1
2508,5
4294967279,182
2508,4
2508,3
2508,2
2508,1
4294967279,177
4294967278,177
2507,5
4294967279,175
2507,4
2507,3
2507,2
2507,1
4294967278,267
2506,4
2506,3
2506,2
2506,1
4294967279,297
4294967278,262
4294967278,381
4294967278,377
4294967278,378
4294967278,49
4294967278,47
4294967278,380
4294967279,282
4294967279,316
4294967279,486
4294967279,403
4294967294,1003
4294967279,432
2505,6
2505,5
2505,4
2505,3
2505,2
2505,1
4294967294,416
4294967294,414
4294967278,223
4294967279,423
2502,6
2502,5
2502,4
2502,2
2502,1
2499,5
2499,4
2499,2
2499,1
4294967278,187
4294967278,178
4294967279,422
2495,8
4294967278,332
4294967279,314
4294967278,359
2495,7
2495,6
2495,5
2495,4
2495,2
2495,1
4294967278,154
4294967279,154
4294967278,150
4294967278,149
4294967278,352
4294967279,145
4294967278,137
2491,6
2491,5
2491,4
2491,2
2491,1
4294967279,418
2488,4
2488,3
2488,2
2488,1
2487,4
2487,3
2487,2
2487,1
4294967278,316
2486,4
2486,3
2486,2
2486,1
2485,6
4294967294,187
4294967294,399
4294967294,178
4294967294,385
4294967294,421
4294967294,1023
4294967294,167
4294967294,183
4294967294,398
4294967294,406
4294967294,415
4294967294,535
4294967294,1019
4294967294,453
4294967294,400
4294967278,314
2485,5
2485,4
2485,3
2485,2
2485,1
2484,5
2484,4
2484,3
2484,2
2484,1
2483,5
2483,4
2483,3
2483,2
2483,1
4294967278,308
2482,5
2482,4
2482,3
2482,2
2482,1
2481,4
2481,3
2481,2
2481,1
4294967278,435
4294967279,298
4294967278,335
4294967294,1001
4294967279,442
4294967278,286
4294967278,346
4294967278,50
4294967279,389
4294967279,318
4294967279,385
4294967279,312
4294967279,296
4294967279,313
4294967279,474
4294967278,302
4294967279,278
4294967279,144
2480,6
2480,5
2480,4
2480,3
2480,2
2480,1
4294967294,462
4294967279,411
4294967278,300
2477,6
2477,5
2477,4
2477,2
2477,1
4294967278,242
2474,5
2474,4
2474,2
2474,1
4294967278,209
4294967294,176
4294967279,199
4294967278,195
2470,8
4294967278,188
4294967278,334
2470,7
2470,6
2470,5
2470,4
4294967278,182
2470,2
2470,1
4294967279,157
4294967279,179
4294967279,502
4294967279,161
4294967279,160
4294967278,158
4294967294,1360
4294967278,152
4294967278,151
4294967279,150
4294967279,149
4294967278,148
2466,6
2466,5
2466,4
2466,2
2466,1
4294967279,143
4294967294,496
4294967278,296
4294967279,291
4294967279,273
2463,4
2463,3
2463,2
2463,1
4294967279,270
2462,4
2462,3
2462,2
2462,1
2461,4
2461,3
2461,2
2461,1
4294967294,412
2460,6
2460,5
2460,4
4294967278,324
2460,3
2460,2
2460,1
4294967279,428
2459,5
2459,4
2459,3
2459,2
2459,1
4294967294,495
2458,5
2458,4
2458,3
2458,2
2458,1
4294967294,494
4294967279,469
2457,5
4294967278,369
2457,4
2457,3
2457,2
2457,1
4294967279,405
2456,4
2456,3
2456,2
2456,1
4294967279,398
4294967294,483
4294967294,109
4294967278,355
4294967278,285
4294967278,370
4294967278,385
4294967278,371
4294967278,411
4294967279,301
4294967279,307
4294967279,294
4294967279,302
4294967279,300
4294967278,293
4294967279,285
2455,6
2455,5
2455,4
2455,3
2455,2
2455,1
2452,6
2452,5
2452,4
2452,2
2452,1
4294967278,266
2449,5
2449,4
2449,2
2449,1
4294967278,254
4294967278,246
4294967278,250
4294967278,234
4294967279,2
4294967279,224
4294967278,222
4294967278,213
4294967294,409
4294967294,391
4294967294,160
4294967279,213
2445,7
2445,6
4294967278,208
2445,5
2445,4
2445,2
2445,1
4294967279,208
4294967279,202
4294967279,198
4294967278,192
4294967294,401
4294967278,191
4294967278,319
4294967278,438
2441,6
2441,5
2441,4
2441,2
2441,1
4294967279,315
4294967294,493
2438,4
2438,3
2438,2
2438,1
2437,4
2437,3
2437,2
2437,1
2436,4
2436,3
2436,2
2436,1
2435,6
2435,5
2435,4
2435,3
2435,2
2435,1
2434,5
2434,4
2434,3
2434,2
2434,1
4294967279,311
4294967294,1008
4294967294,186
2433,5
2433,4
2433,3
2433,2
2433,1
4294967294,1
2432,5
2432,4
2432,3
2432,2
2432,1
4294967294,489
2431,4
2431,3
2431,2
2431,1
4294967278,357
4294967294,396
4294967294,191
4294967294,455
4294967279,283
4294967279,288
4294967279,310
4294967294,484
4294967294,390
4294967294,115
4294967294,426
4294967279,306
4294967279,286
4294967294,1356
4294967294,1361
4294967294,9
4294967294,22
4294967294,68
4294967294,11
4294967278,217
4294967278,132
4294967278,131
4294967278,130
4294967278,129
4294967278,127
4294967278,126
4294967278,125
4294967278,124
4294967278,122
4294967278,121
4294967278,120
4294967278,119
4294967278,118
4294967278,117
4294967278,116
4294967278,115
4294967278,114
4294967278,113
4294967278,112
4294967278,111
4294967278,110
4294967278,108
4294967278,107
4294967278,102
4294967278,101
4294967278,100
4294967278,361
4294967278,99
4294967278,97
4294967278,96
4294967278,95
4294967278,94
4294967278,93
4294967278,92
4294967278,91
4294967278,283
4294967278,89
4294967278,86
4294967278,85
4294967278,84
4294967278,83
4294967278,80
4294967278,78
4294967278,77
4294967278,76
4294967278,75
4294967278,74
4294967278,73
4294967278,71
4294967278,345
4294967278,70
4294967278,69
4294967278,68
4294967278,67
4294967278,66
4294967278,281
4294967278,65
4294967278,64
4294967278,62
4294967278,61
4294967278,60
4294967278,59
4294967278,339
4294967278,260
4294967278,362
4294967279,85
4294967279,84
4294967279,83
4294967279,82
4294967279,80
4294967279,78
4294967279,77
4294967279,76
4294967279,75
4294967279,74
4294967279,73
4294967279,72
4294967279,71
4294967279,70
4294967279,69
4294967279,68
4294967279,67
4294967279,66
4294967279,65
4294967279,64
4294967279,63
4294967279,62
4294967279,61
4294967279,60
4294967279,59
4294967279,58
4294967279,57
4294967279,56
4294967279,55
4294967279,54
4294967279,53
4294967279,52
4294967279,51
4294967279,50
4294967279,49
4294967279,48
4294967279,46
4294967279,45
4294967279,43
4294967279,42
4294967279,41
4294967279,40
4294967279,38
4294967279,35
4294967279,34
4294967279,33
4294967279,276
4294967279,26
4294967279,24
4294967279,292
4294967279,21
4294967279,467
4294967279,19
4294967279,16
4294967279,10
4294967279,260
4294967279,8
4294967279,7
4294967279,5
4294967278,105
4294967278,104
4294967278,103
4294967279,304
2430,6
2430,5
2430,4
2430,3
2430,2
2430,1
2427,6
2427,5
2427,4
2427,2
2427,1
4294967278,274
2424,5
2424,4
2424,2
2424,1
4294967279,258
4294967278,323
2420,7
2420,6
2420,5
2420,4
2420,2
2420,1
4294967278,383
4294967279,238
4294967294,1096
4294967279,427
4294967279,216
4294967279,299
4294967279,431
4294967278,203
2416,6
4294967278,198
2416,5
2416,4
4294967278,197
2416,2
2416,1
2413,4
2413,3
2413,2
2413,1
2412,4
2412,3
2412,2
2412,1
2411,4
2411,3
2411,2
2411,1
2410,6
2410,5
2410,4
2410,3
2410,2
2410,1
4294967278,162
4294967279,163
2409,5
2409,4
2409,3
2409,2
2409,1
4294967294,1015
4294967294,170
4294967294,164
4294967294,111
4294967279,151
2408,5
2408,4
2408,3
2408,2
2408,1
4294967279,510
2407,5
2407,4
2407,3
2407,2
2407,1
4294967278,276
2406,4
2406,3
2406,2
2406,1
4294967278,343
4294967278,219
4294967279,508
4294967279,295
4294967278,351
4294967278,353
4294967279,468
4294967279,47
4294967279,44
4294967279,256
4294967279,39
4294967279,37
4294967279,32
4294967279,31
4294967279,30
4294967279,29
4294967279,28
4294967279,23
4294967279,22
4294967279,18
4294967279,17
4294967279,14
4294967279,12
4294967279,11
4294967279,9
4294967279,4
4294967278,221
4294967279,246
4294967279,461
2405,6
2405,5
2405,4
2405,3
2405,2
2405,1
4294967279,194
2402,6
2402,5
2402,4
2402,2
2402,1
4294967278,375
4294967278,179
4294967278,176
4294967279,164
2399,5
2399,4
2399,2
2399,1
4294967279,500
4294967294,163
4294967278,141
4294967278,379
4294967294,465
4294967279,504
4294967278,282
2395,7
2395,6
2395,5
2395,4
2395,2
2395,1
4294967279,266
4294967279,259
4294967278,258
4294967279,429
4294967279,384
4294967278,320
4294967279,248
4294967278,238
4294967278,447
4294967279,237
4294967279,236
2391,6
2391,5
2391,4
2391,2
2391,1
4294967279,220
4294967278,218
4294967279,218
4294967278,216
4294967279,207
2388,4
4294967278,205
2388,3
2388,2
2388,1
4294967278,204
2387,4
2387,3
2387,2
2387,1
4294967279,200
2386,4
2386,3
2386,2
2386,1
4294967278,194
4294967279,196
2385,6
4294967278,193
2385,5
2385,4
4294967278,189
2385,3
2385,2
2385,1
4294967279,190
2384,5
4294967278,184
2384,4
2384,3
2384,2
2384,1
4294967278,173
2383,5
2383,4
2383,3
2383,2
2383,1
4294967294,1006
4294967294,1017
2382,5
2382,4
2382,3
2382,2
2382,1
4294967278,445
4294967294,485
2381,4
2381,3
2381,2
2381,1
4294967279,415
4294967279,466
4294967279,499
4294967278,444
4294967279,413
4294967279,277
4294967278,443
4294967278,327
4294967278,331
4294967278,409
4294967278,446
4294967278,337
4294967278,215
4294967278,275
4294967278,315
4294967279,506
4294967279,454
4294967279,494
4294967279,36
4294967279,20
4294967279,15
4294967279,13
4294967279,6
4294967279,27
4294967279,410
4294967278,372
4294967279,25
4294967278,256
2380,6
2380,5
2380,4
2380,3
2380,2
2380,1
4294967279,227
4294967279,88
4294967279,222
2377,6
2377,5
2377,4
2377,2
2377,1
4294967278,201
4294967279,204
4294967278,200
2374,5
2374,4
2374,2
2374,1
4294967279,184
4294967278,180
4294967294,1013
4294967279,138
4294967278,342
2370,7
2370,6
2370,5
2370,4
2370,2
2370,1
4294967279,134
4294967279,142
4294967278,142
4294967279,511
4294967278,138
4294967279,279
4294967279,484
4294967278,358
4294967279,482
4294967278,415
4294967278,257
4294967279,263
2366,6
2366,5
4294967279,262
2366,4
2366,2
2366,1
4294967278,366
4294967279,473
4294967278,248
4294967294,1010
4294967294,1020
2363,4
4294967278,244
2363,3
2363,2
2363,1
2362,4
2362,3
2362,2
2362,1
2361,4
2361,3
2361,2
2361,1
4294967279,230
2360,6
4294967278,220
2360,5
2360,4
2360,3
2360,2
2360,1
4294967279,214
4294967278,437
4294967279,212
2359,5
2359,4
2359,3
2359,2
2359,1
4294967279,203
2358,5
2358,4
2358,3
2358,2
2358,1
4294967294,482
2357,5
2357,4
2357,3
2357,2
2357,1
4294967278,356
2356,4
2356,3
2356,2
2356,1
4294967279,186
4294967279,404
4294967279,495
4294967294,392
4294967279,426
4294967278,354
4294967279,289
4294967294,486
4294967294,487
4294967294,488
4294967278,429
4294967278,123
4294967278,109
4294967278,106
4294967278,90
4294967278,87
4294967278,441
4294967278,439
4294967278,63
4294967278,329
4294967278,426
4294967279,488
4294967279,496
4294967279,493
4294967279,476
4294967279,491
4294967279,498
4294967279,424
4294967279,489
4294967279,0
4294967279,479
4294967294,1364
4294967278,434
4294967279,430
2355,6
2355,5
2355,4
2355,3
2355,2
2355,1
4294967294,185
4294967294,162
4294967279,386
2352,6
2352,5
2352,4
2352,2
2352,1
4294967278,237
4294967279,240
4294967279,234
4294967279,280
2349,5
2349,4
2349,2
2349,1
4294967294,463
4294967279,209
4294967279,201
4294967278,199
4294967278,336
4294967278,183
4294967278,181
2345,7
2345,6
2345,5
2345,4
2345,2
2345,1
4294967279,180
4294967279,503
4294967279,453
4294967279,501
4294967278,163
4294967279,162
4294967278,157
4294967278,306
4294967279,153
4294967279,485
4294967279,147
2341,6
2341,5
2341,4
2341,2
2341,1
4294967279,140
4294967279,139
4294967278,136
4294967279,133
4294967278,349
4294967279,274
4294967278,268
4294967279,271
2338,4
2338,3
2338,2
2338,1
4294967279,267
2337,4
2337,3
2337,2
2337,1
4294967278,263
4294967279,264
2336,4
2336,3
2336,2
2336,1
4294967279,284
2335,6
4294967279,464
2335,5
4294967278,365
2335,4
4294967278,364
2335,3
2335,2
2335,1
4294967278,414
2334,5
4294967278,252
4294967279,250
2334,4
2334,3
2334,2
2334,1
4294967294,405
2333,5
2333,4
2333,3
2333,2
2333,1
2332,5
2332,4
2332,3
2332,2
2332,1
4294967278,214
4294967294,99
4294967294,76
4294967294,387
4294967278,212
4294967278,211
2331,4
2331,3
